070000043040009610800634900094052000358460020000800530080070091902100005007040802
301086504046521070500000001400800002080347900009050038004090200008734090007208103
048301560360008090910670003020000935509010200670020010004002107090100008150834029
008317000004205109000040070327160904901450000045700800030001060872604000416070080
040890630000136820800740519000467052450020700267010000520003400010280970004050063
561092730020780090900005046600000427010070003073000819035900670700103080000000050
310450900072986143906010508639178020150090806004003700005731009701829350000645010
800134902041096080005070010008605000406310009023040860500709000010080040000401006
165293004000001632023060090009175000500900018002030049098000006000000950000429381
000003610000015007000008090086000700030800100500120309005060904060900530403701008
405001068073628500009003070240790030006102005950000021507064213080217050612300007
960405100020060504001703006100004000490130050002007601209006038070218905600079000
904520070001890240002643000070960380000108700600000010090080000000750030000312569
001408006093520741000010520602080300007060000005039060064052109020000654500607083
007300054245080900003040070070960000000020760000801002008294016609108020000007003
005346170000000050000800009502930741070000003000700020090050632207600400600420007
320090400705021800001060372218037009500480700000005000670000280000873900804000107
000030007480960501063570820009610203350097006000005094000000005804706910001040070
087002010204017003006800705508001000640008100002050670439180007020900030700023091
040000008760020349000470500900000030000036702308947000000004010200700603690001000
007009050040000930059740080000016790083000002710000000830060020000395018605020070
620740100070100052508000370067300900090000060800970031002000006000800000450002003
627140503345206971089503602000700364793054018460008059056031097971005836834067105
720890500390460100000217890809002000204008000105049287610000028080020915950701040
803700000026000004097100203705000908901070040038401567170950800680210435352846000
206007905345092018000850060000509000708000450004083126420060580571200094860000200
700000000400708061100296847000001400801000030090600075080010006007052394935467010
900000002010060390083900100804095007130670049060041000302010050000500000541080030
005000060000006302040081597012038754000200810087014000120007680000092030954860200
709000100421000050300700008100000302908320000002070809070530400090000675000600093
001300002079000000020670903000967300750001049080503100040702530205806700107405060
600017400401003008059800721120000050000040800008020100004530007700090086263170000
800005047040008500000000630000000490590040002072006305980000273067804051030070000
400000070060850240000301065049078500007032008280009430120703004700010000006200009
500000260024086000807152300000600703003400006700098120030800600072000481000070000
604001035003450001521900000069807104250014007410090006000060010000039070070140503
420796050300280497879004612690005201538400009010369004983647025006150000100020346
080000090090502000003001408007090630000000001650020000900300080310040970002879013
005020040007090318106840070510000693300000700074230001050764189040001002081902030
000000065004056701070813940006005490500690000009042000062504179000000030000000628
790048060125976300040305720980657413007100856001000007006002135009701000010500000
290800300000000046786500200020000100100009482647000903875200004310645700009008000
180023000942500008060010092209840000608395040300067850806000027407002900001700004
908260351500094872002010409003000084154083007020000905760100040009006000001005090
950064037046081059001539080034106070865000020090028000500612000613470090000890005
070620509029400000680570000300000000806750093000086005000000170064030000005004032
790400801100780090000910402975821046000000785006504000207090034300200908009100627
600502000450093700030684090203800560001000002007025010005036400320750601976418053
870500060010000207640180509000001000120006075008072006000605008000004000904008621
032104070500300002000625000080061020007402608201780054640000030098003700723056001